番号,42
名前,早苗
呼び名,早苗

CSTR,0,東風谷
CSTR,1,早苗
CSTR,3,サナエ
CSTR,4,サナエ
CSTR,5,コチヤ
CSTR,6,サナエ
CSTR,7,サナエ
CSTR,8,人間
CSTR,99,早苗

基礎,体力,2400
基礎,気力,1400
基礎,精神力,2800

素質,性別,1
素質,成長型,0
素質,陰毛現在値,5
素質,陰毛目標値,5
素質,腋毛現在値,1
素質,腋毛目標値,1
素質,性的嗜好,2
素質,Ｖ締まり,750
素質,Ａ締まり,850
素質,髪色,0xBEF781
素質,髪の長さ,5
素質,体格,0
素質,体型,0
素質,バストサイズ,1
素質,ヒップサイズ,0
素質,処女,1
素質,キス未経験,1
素質,反抗的,1
素質,気丈,1
素質,プライド高い,1
素質,好奇心,1
素質,貞操観念,1
素質,解放,1
素質,Ｓ気質,1
素質,魅惑,1
素質,人気,1
素質,Ｃ敏感,1
素質,Ｖ敏感,1
素質,天の御遣い,1
素質,下戸,1
素質,アナル処女,1
素質,強運,1

能力,武闘,69
能力,防衛,64
能力,知略,52
能力,政治,60
能力,歌唱,25
能力,料理,41
能力,野心,78
能力,性知識,3
能力,Ｃ感,1
能力,Ｖ感,1
能力,Ｂ感,2
能力,欲望,2
能力,奉仕,1
能力,露出,2
能力,自慰,1
能力,マゾ,1
能力,肝臓,1


相性,1,120
相性,43,200
相性,44,150
相性,80,120
相性,138,80
相性,72,130
